003 004
005 006
008 010
014 021
015 023
016 024
017 022
030 032
033 034
042 044
043 251
045 047
048 051
048 059
048 183
048 185
048 257
048 258
049 050
051 059
051 183
051 185
051 257
051 258
052 053
059 183
059 185
059 257
059 258
061 216
062 064
069 070
078 079
084 085
086 087
086 153
086 155
086 222
086 242
086 243
087 153
087 155
087 222
087 242
087 243
089 090
094 098
101 212
103 105
106 111
107 108
107 112
107 113
108 112
108 113
112 113
117 119
131 133
135 174
136 173
137 171
140 142
143 145
146 147
148 150
153 155
153 222
153 242
153 243
155 222
155 242
155 243
158 161
159 250
175 180
181 182
183 185
183 257
183 258
185 257
185 258
188 190
191 193
195 218
201 209
202 208
211 216
221 224
222 242
222 243
228 230
232 233
235 237
238 240
242 243
244 246
257 258

